131 145 221 208 16 37 125 159 101 88 112 133 164 149 129 96
183 92 157 124 39 83 146 107 121 124 150 86 106 117 51 174
134 145 103 86 202 203 136 88 73 125 158 136 122 176 102 108
162 119 83 103 154 132 169 17 117 165 124 80 96 129 128 64
186 131 93 79 80 181 123 121 128 135 154 128 115 91 194 122
138 187 125 96 132 26 153 104 119 131 96 109 147 157 155 144
162 147 195 190 140 133 129 62 115 72 52 66 114 138 122 138
125 102 137 217 128 218 140 122 116 92 156 0 98 76 83 121
137 126 156 98 77 106 140 32 168 77 149 175 103 101 93 106
109 76 103 1 98 35 161 116 99 139 104 68 145 106 141 109
